# transform file from-pet_to-t1w_reg.lta
# created by martinnorgaard on Thu Dec  7 17:10:36 2023

type      = 0 # LINEAR_VOX_TO_VOX
nxforms   = 1
mean      = 0.0000 0.0000 0.0000
sigma     = 10000.0000
1 4 4
-1.711847186088562e+00 -2.510060928761959e-02 -1.191303655505180e-01 2.444470672607422e+02 
1.129790320992470e-01 2.981964647769928e-01 -1.686285257339478e+00 1.677293548583984e+02 
-4.536322131752968e-02 1.689879298210144e+00 2.957927286624908e-01 1.275760269165039e+01 
-0.000000000000000e+00 -0.000000000000000e+00 -0.000000000000000e+00 9.999999403953552e-01 
src volume info
valid = 1  # volume info valid
filename = /Users/martinnorgaard/Dropbox/Mac/Documents/GitHub/petprep_extract_tacs/data/petprep_extract_tacs_wf/subject_004_wf/_pet_file_sub-004_ses-rescan/coreg_pet_to_t1w/sub-004_ses-rescan_desc-mc_desc-wavg_pet.nii.gz
volume = 128 128 90
voxelsize = 1.716171026229858e+00 1.716171026229858e+00 1.716171026229858e+00
xras   = 1.000000000000000e+00 0.000000000000000e+00 0.000000000000000e+00
yras   = 0.000000000000000e+00 1.000000000000000e+00 0.000000000000000e+00
zras   = 0.000000000000000e+00 0.000000000000000e+00 1.000000000000000e+00
cras   = 0.000000000000000e+00 0.000000000000000e+00 0.000000000000000e+00
dst volume info
valid = 1  # volume info valid
filename = /Users/martinnorgaard/Dropbox/Mac/Documents/GitHub/petprep_extract_tacs/data/petprep_extract_tacs_wf/subject_004_wf/_pet_file_sub-004_ses-rescan/coreg_pet_to_t1w/brainmask.mgz
volume = 256 256 256
voxelsize = 1.000000000000000e+00 1.000000000000000e+00 1.000000000000000e+00
xras   = -9.999999403953552e-01 0.000000000000000e+00 0.000000000000000e+00
yras   = 0.000000000000000e+00 0.000000000000000e+00 -9.999999403953552e-01
zras   = 0.000000000000000e+00 9.999999403953552e-01 0.000000000000000e+00
cras   = 0.000000000000000e+00 0.000000000000000e+00 -1.525878906250000e-05
subject sub-004
