# transform file trash.lta
# created by martinnorgaard on Thu Dec  7 15:11:54 2023

type      = 1 # LINEAR_RAS_TO_RAS
nxforms   = 1
mean      = 33.0000 28.0000 47.0000
sigma     = 10000.0000
1 4 4
9.823830127716064e-01 9.055444970726967e-04 -3.791481256484985e-03 -1.646995544433594e-01 
-5.414063576608896e-03 1.131062746047974e+00 1.492679351940751e-03 1.136104583740234e+00 
-1.496967114508152e-02 -2.482016533613205e-01 1.021878957748413e+00 -8.778536319732666e-01 
0.000000000000000e+00 0.000000000000000e+00 0.000000000000000e+00 1.000000000000000e+00 
src volume info
valid = 1  # volume info valid
filename = imageDump.mgz
volume = 65 55 93
voxelsize = 1.000000000000000e+00 1.000000000000000e+00 1.000000000000000e+00
xras   = 9.933432936668396e-01 5.219565331935883e-02 1.026873439550400e-01
yras   = -4.718634113669395e-02 9.976025223731995e-01 -5.062240362167358e-02
zras   = -1.050834208726883e-01 4.543998092412949e-02 9.934247136116028e-01
cras   = 2.810201644897461e+00 -7.673879623413086e+00 -3.897729110717773e+01
dst volume info
valid = 1  # volume info valid
filename = /Users/martinnorgaard/Documents/GitHub/petprep_extract_tacs/data/derivatives/freesurfer/sub-002/tmp/BS_basedOn_T1//BS-DE-binaryMask_autoCropped.mgz
volume = 47 79 42
voxelsize = 1.000000000000000e+00 1.000000119209290e+00 1.000000119209290e+00
xras   = -1.000000000000000e+00 0.000000000000000e+00 0.000000000000000e+00
yras   = 0.000000000000000e+00 0.000000000000000e+00 -1.000000000000000e+00
zras   = 0.000000000000000e+00 1.000000000000000e+00 0.000000000000000e+00
cras   = 5.000000000000000e-01 -7.000000953674316e+00 -3.850000381469727e+01
