# transform file trash.lta
# created by martinnorgaard on Thu Dec  7 15:11:54 2023

type      = 1 # LINEAR_RAS_TO_RAS
nxforms   = 1
mean      = 33.0000 28.0000 47.0000
sigma     = 10000.0000
1 4 4
9.699476957321167e-01 2.057772874832153e-02 -5.241695325821638e-03 8.428573608398438e-02 
3.604432335123420e-03 1.154357075691223e+00 -2.325151674449444e-02 8.550586700439453e-01 
-2.266178466379642e-02 -9.780391305685043e-02 9.666846394538879e-01 -3.850765228271484e-01 
0.000000000000000e+00 0.000000000000000e+00 0.000000000000000e+00 1.000000000000000e+00 
src volume info
valid = 1  # volume info valid
filename = imageDump.mgz
volume = 65 55 93
voxelsize = 1.000000000000000e+00 1.000000000000000e+00 1.000000000000000e+00
xras   = 9.981128573417664e-01 2.919154241681099e-02 5.402498319745064e-02
yras   = -2.045300789177418e-02 9.875839352607727e-01 -1.557554900646210e-01
zras   = -5.790094286203384e-02 1.543565839529037e-01 9.863172173500061e-01
cras   = 1.159736633300781e+00 -5.527729034423828e+00 -1.521904754638672e+01
dst volume info
valid = 1  # volume info valid
filename = /Users/martinnorgaard/Documents/GitHub/petprep_extract_tacs/data/derivatives/freesurfer/sub-018/tmp/BS_basedOn_T1//BS-DE-binaryMask_autoCropped.mgz
volume = 47 73 43
voxelsize = 9.999999403953552e-01 9.999999403953552e-01 9.999999403953552e-01
xras   = -1.000000000000000e+00 0.000000000000000e+00 0.000000000000000e+00
yras   = 0.000000000000000e+00 0.000000000000000e+00 -1.000000000000000e+00
zras   = 0.000000000000000e+00 1.000000000000000e+00 0.000000000000000e+00
cras   = -4.999999701976776e-01 -4.499999523162842e+00 -1.450001430511475e+01
