# transform file from-pet_to-t1w_reg.lta
# created by martinnorgaard on Wed Dec  6 22:28:52 2023

type      = 0 # LINEAR_VOX_TO_VOX
nxforms   = 1
mean      = 0.0000 0.0000 0.0000
sigma     = 10000.0000
1 4 4
1.715627431869507e+00 -3.460456803441048e-02 -3.653377294540405e-02 2.329902839660645e+01 
-1.721499674022198e-02 3.943753838539124e-01 -2.359976768493652e+00 1.782128448486328e+02 
3.961814567446709e-02 1.669884443283081e+00 5.565969944000244e-01 3.729141712188721e+00 
0.000000000000000e+00 0.000000000000000e+00 0.000000000000000e+00 9.999999403953552e-01 
src volume info
valid = 1  # volume info valid
filename = /Users/martinnorgaard/Dropbox/Mac/Documents/GitHub/petprep_extract_tacs/data/petprep_extract_tacs_wf/subject_065_wf/_pet_file_sub-065_ses-baseline_pet/coreg_pet_to_t1w/sub-065_ses-baseline_desc-wavg_pet.nii.gz
volume = 128 128 63
voxelsize = 1.716171026229858e+00 1.716171026229858e+00 2.425000190734863e+00
xras   = -1.000000000000000e+00 0.000000000000000e+00 0.000000000000000e+00
yras   = 0.000000000000000e+00 1.000000000000000e+00 0.000000000000000e+00
zras   = 0.000000000000000e+00 0.000000000000000e+00 1.000000000000000e+00
cras   = 0.000000000000000e+00 0.000000000000000e+00 0.000000000000000e+00
dst volume info
valid = 1  # volume info valid
filename = /Users/martinnorgaard/Dropbox/Mac/Documents/GitHub/petprep_extract_tacs/data/petprep_extract_tacs_wf/subject_065_wf/_pet_file_sub-065_ses-baseline_pet/coreg_pet_to_t1w/brainmask.mgz
volume = 256 256 256
voxelsize = 1.000000000000000e+00 1.000000000000000e+00 1.000000000000000e+00
xras   = -9.999999403953552e-01 0.000000000000000e+00 0.000000000000000e+00
yras   = 0.000000000000000e+00 0.000000000000000e+00 -9.999999403953552e-01
zras   = 0.000000000000000e+00 9.999999403953552e-01 0.000000000000000e+00
cras   = 0.000000000000000e+00 0.000000000000000e+00 -1.525878906250000e-05
subject sub-065
