# transform file from-pet_to-t1w_reg.lta
# created by martinnorgaard on Thu Dec  7 17:10:21 2023

type      = 0 # LINEAR_VOX_TO_VOX
nxforms   = 1
mean      = 0.0000 0.0000 0.0000
sigma     = 10000.0000
1 4 4
-1.713563561439514e+00 9.407138079404831e-02 -9.653694927692413e-03 2.309590454101562e+02 
3.032139874994755e-02 3.806206583976746e-01 -1.673156023025513e+00 1.756871337890625e+02 
8.957247436046600e-02 1.670784354209900e+00 3.817043900489807e-01 8.812843322753906e+00 
-0.000000000000000e+00 -0.000000000000000e+00 -0.000000000000000e+00 1.000000000000000e+00 
src volume info
valid = 1  # volume info valid
filename = /Users/martinnorgaard/Dropbox/Mac/Documents/GitHub/petprep_extract_tacs/data/petprep_extract_tacs_wf/subject_002_wf/_pet_file_sub-002_ses-baseline/coreg_pet_to_t1w/sub-002_ses-baseline_desc-mc_desc-wavg_pet.nii.gz
volume = 128 128 90
voxelsize = 1.716171026229858e+00 1.716171026229858e+00 1.716171026229858e+00
xras   = 1.000000000000000e+00 0.000000000000000e+00 0.000000000000000e+00
yras   = 0.000000000000000e+00 1.000000000000000e+00 0.000000000000000e+00
zras   = 0.000000000000000e+00 0.000000000000000e+00 1.000000000000000e+00
cras   = 0.000000000000000e+00 0.000000000000000e+00 0.000000000000000e+00
dst volume info
valid = 1  # volume info valid
filename = /Users/martinnorgaard/Dropbox/Mac/Documents/GitHub/petprep_extract_tacs/data/petprep_extract_tacs_wf/subject_002_wf/_pet_file_sub-002_ses-baseline/coreg_pet_to_t1w/brainmask.mgz
volume = 256 256 256
voxelsize = 1.000000000000000e+00 1.000000000000000e+00 1.000000000000000e+00
xras   = -1.000000000000000e+00 0.000000000000000e+00 0.000000000000000e+00
yras   = 0.000000000000000e+00 0.000000000000000e+00 -1.000000119209290e+00
zras   = 0.000000000000000e+00 1.000000119209290e+00 0.000000000000000e+00
cras   = 0.000000000000000e+00 0.000000000000000e+00 0.000000000000000e+00
subject sub-002
