# transform file from-pet_to-t1w_reg.lta
# created by martinnorgaard on Thu Dec  7 17:10:34 2023

type      = 0 # LINEAR_VOX_TO_VOX
nxforms   = 1
mean      = 0.0000 0.0000 0.0000
sigma     = 10000.0000
1 4 4
-1.713769674301147e+00 6.898180395364761e-02 -5.897882580757141e-02 2.314033355712891e+02 
6.215167045593262e-02 7.930351048707962e-02 -1.713210701942444e+00 2.013791809082031e+02 
6.613741815090179e-02 1.712949156761169e+00 8.169072866439819e-02 2.348103523254395e+01 
-0.000000000000000e+00 -0.000000000000000e+00 -0.000000000000000e+00 9.999998807907104e-01 
src volume info
valid = 1  # volume info valid
filename = /Users/martinnorgaard/Dropbox/Mac/Documents/GitHub/petprep_extract_tacs/data/petprep_extract_tacs_wf/subject_002_wf/_pet_file_sub-002_ses-rescan/coreg_pet_to_t1w/sub-002_ses-rescan_desc-mc_desc-wavg_pet.nii.gz
volume = 128 128 90
voxelsize = 1.716171026229858e+00 1.716171026229858e+00 1.716171026229858e+00
xras   = 1.000000000000000e+00 0.000000000000000e+00 0.000000000000000e+00
yras   = 0.000000000000000e+00 1.000000000000000e+00 0.000000000000000e+00
zras   = 0.000000000000000e+00 0.000000000000000e+00 1.000000000000000e+00
cras   = 0.000000000000000e+00 0.000000000000000e+00 0.000000000000000e+00
dst volume info
valid = 1  # volume info valid
filename = /Users/martinnorgaard/Dropbox/Mac/Documents/GitHub/petprep_extract_tacs/data/petprep_extract_tacs_wf/subject_002_wf/_pet_file_sub-002_ses-rescan/coreg_pet_to_t1w/brainmask.mgz
volume = 256 256 256
voxelsize = 1.000000000000000e+00 1.000000000000000e+00 1.000000000000000e+00
xras   = -1.000000000000000e+00 0.000000000000000e+00 0.000000000000000e+00
yras   = 0.000000000000000e+00 0.000000000000000e+00 -1.000000119209290e+00
zras   = 0.000000000000000e+00 1.000000119209290e+00 0.000000000000000e+00
cras   = 0.000000000000000e+00 0.000000000000000e+00 0.000000000000000e+00
subject sub-002
