# transform file from-pet_to-t1w_reg.lta
# created by martinnorgaard on Wed Dec  6 09:57:06 2023

type      = 0 # LINEAR_VOX_TO_VOX
nxforms   = 1
mean      = 0.0000 0.0000 0.0000
sigma     = 10000.0000
1 4 4
2.035643577575684e+00 -5.532294139266014e-02 9.821700863540173e-03 -7.219866180419922e+01 
7.813339121639729e-03 -8.033107966184616e-02 -1.998428344726562e+00 2.175337371826172e+02 
5.567396432161331e-02 2.034082651138306e+00 -7.865586131811142e-02 -7.365219879150391e+01 
0.000000000000000e+00 0.000000000000000e+00 0.000000000000000e+00 1.000000000000000e+00 
src volume info
valid = 1  # volume info valid
filename = /Users/martinnorgaard/Dropbox/Mac/Documents/GitHub/petprep_extract_tacs/data/petprep_extract_tacs_wf/subject_02_wf/_pet_file_sub-02_ses-blocked_pet/coreg_pet_to_t1w/sub-02_ses-blocked_desc-wavg_pet.nii.gz
volume = 200 200 111
voxelsize = 2.036420106887817e+00 2.036420106887817e+00 2.000000000000000e+00
xras   = -1.000000000000000e+00 -0.000000000000000e+00 0.000000000000000e+00
yras   = 0.000000000000000e+00 1.000000000000000e+00 0.000000000000000e+00
zras   = -0.000000000000000e+00 -0.000000000000000e+00 1.000000000000000e+00
cras   = -2.255020141601562e+00 2.377504119873047e+02 -1.865000000000000e+02
dst volume info
valid = 1  # volume info valid
filename = /Users/martinnorgaard/Dropbox/Mac/Documents/GitHub/petprep_extract_tacs/data/petprep_extract_tacs_wf/subject_02_wf/_pet_file_sub-02_ses-blocked_pet/coreg_pet_to_t1w/brainmask.mgz
volume = 256 256 256
voxelsize = 1.000000000000000e+00 1.000000000000000e+00 1.000000000000000e+00
xras   = -1.000000000000000e+00 9.313225746154785e-10 0.000000000000000e+00
yras   = 0.000000000000000e+00 7.450580596923828e-09 -1.000000000000000e+00
zras   = -9.313225746154785e-10 1.000000000000000e+00 0.000000000000000e+00
cras   = -3.641358613967896e-01 -1.559401392936707e+00 9.345474243164062e+00
subject unknown
