# transform file from-pet_to-t1w_reg.lta
# created by martinnorgaard on Thu Dec  7 17:09:39 2023

type      = 0 # LINEAR_VOX_TO_VOX
nxforms   = 1
mean      = 0.0000 0.0000 0.0000
sigma     = 10000.0000
1 4 4
1.714514970779419e+00 7.438932359218597e-02 -1.214175950735807e-02 1.084740161895752e+01 
-4.626801237463951e-03 -1.720615774393082e-01 -1.707517504692078e+00 2.307147674560547e+02 
-7.523154467344284e-02 1.705902457237244e+00 -1.716949790716171e-01 3.483099365234375e+01 
0.000000000000000e+00 0.000000000000000e+00 0.000000000000000e+00 1.000000000000000e+00 
src volume info
valid = 1  # volume info valid
filename = /Users/martinnorgaard/Dropbox/Mac/Documents/GitHub/petprep_extract_tacs/data/petprep_extract_tacs_wf/subject_002_wf/_pet_file_sub-002_ses-rescan2/coreg_pet_to_t1w/sub-002_ses-rescan2_desc-mc_desc-wavg_pet.nii.gz
volume = 128 128 90
voxelsize = 1.716171026229858e+00 1.716171026229858e+00 1.716171026229858e+00
xras   = -1.000000000000000e+00 0.000000000000000e+00 0.000000000000000e+00
yras   = 0.000000000000000e+00 1.000000000000000e+00 0.000000000000000e+00
zras   = 0.000000000000000e+00 0.000000000000000e+00 1.000000000000000e+00
cras   = 0.000000000000000e+00 0.000000000000000e+00 0.000000000000000e+00
dst volume info
valid = 1  # volume info valid
filename = /Users/martinnorgaard/Dropbox/Mac/Documents/GitHub/petprep_extract_tacs/data/petprep_extract_tacs_wf/subject_002_wf/_pet_file_sub-002_ses-rescan2/coreg_pet_to_t1w/brainmask.mgz
volume = 256 256 256
voxelsize = 1.000000000000000e+00 1.000000000000000e+00 1.000000000000000e+00
xras   = -1.000000000000000e+00 0.000000000000000e+00 0.000000000000000e+00
yras   = 0.000000000000000e+00 0.000000000000000e+00 -1.000000119209290e+00
zras   = 0.000000000000000e+00 1.000000119209290e+00 0.000000000000000e+00
cras   = 0.000000000000000e+00 0.000000000000000e+00 0.000000000000000e+00
subject sub-002
