# transform file from-pet_to-t1w_reg.lta
# created by martinnorgaard on Wed Dec  6 09:57:25 2023

type      = 0 # LINEAR_VOX_TO_VOX
nxforms   = 1
mean      = 0.0000 0.0000 0.0000
sigma     = 10000.0000
1 4 4
2.036062002182007e+00 -3.729527816176414e-02 -8.087623864412308e-03 -7.352570343017578e+01 
-9.312041103839874e-03 -5.891828611493111e-02 -1.999141931533813e+00 2.175898132324219e+02 
3.704101592302322e-02 2.035226106643677e+00 -5.802187323570251e-02 -7.302096557617188e+01 
0.000000000000000e+00 0.000000000000000e+00 0.000000000000000e+00 9.999999403953552e-01 
src volume info
valid = 1  # volume info valid
filename = /Users/martinnorgaard/Dropbox/Mac/Documents/GitHub/petprep_extract_tacs/data/petprep_extract_tacs_wf/subject_02_wf/_pet_file_sub-02_ses-baseline_pet/coreg_pet_to_t1w/sub-02_ses-baseline_desc-wavg_pet.nii.gz
volume = 200 200 111
voxelsize = 2.036420106887817e+00 2.036420106887817e+00 2.000000000000000e+00
xras   = -1.000000000000000e+00 -0.000000000000000e+00 0.000000000000000e+00
yras   = 0.000000000000000e+00 1.000000000000000e+00 0.000000000000000e+00
zras   = -0.000000000000000e+00 -0.000000000000000e+00 1.000000000000000e+00
cras   = -2.255020141601562e+00 2.377504119873047e+02 -1.920000000000000e+02
dst volume info
valid = 1  # volume info valid
filename = /Users/martinnorgaard/Dropbox/Mac/Documents/GitHub/petprep_extract_tacs/data/petprep_extract_tacs_wf/subject_02_wf/_pet_file_sub-02_ses-baseline_pet/coreg_pet_to_t1w/brainmask.mgz
volume = 256 256 256
voxelsize = 1.000000000000000e+00 1.000000000000000e+00 1.000000000000000e+00
xras   = -1.000000000000000e+00 9.313225746154785e-10 0.000000000000000e+00
yras   = 0.000000000000000e+00 7.450580596923828e-09 -1.000000000000000e+00
zras   = -9.313225746154785e-10 1.000000000000000e+00 0.000000000000000e+00
cras   = -3.641358613967896e-01 -1.559401392936707e+00 9.345474243164062e+00
subject unknown
