# transform file from-pet_to-t1w_reg.lta
# created by martinnorgaard on Thu Dec  7 17:10:36 2023

type      = 0 # LINEAR_VOX_TO_VOX
nxforms   = 1
mean      = 0.0000 0.0000 0.0000
sigma     = 10000.0000
1 4 4
-1.712088823318481e+00 -4.172873497009277e-02 -1.106986105442047e-01 2.449377441406250e+02 
9.982374310493469e-02 3.522223532199860e-01 -1.676668763160706e+00 1.546796722412109e+02 
-6.348772346973419e-02 1.679119110107422e+00 3.489572703838348e-01 3.372883987426758e+01 
-0.000000000000000e+00 -0.000000000000000e+00 -0.000000000000000e+00 9.999999403953552e-01 
src volume info
valid = 1  # volume info valid
filename = /Users/martinnorgaard/Dropbox/Mac/Documents/GitHub/petprep_extract_tacs/data/petprep_extract_tacs_wf/subject_004_wf/_pet_file_sub-004_ses-baseline/coreg_pet_to_t1w/sub-004_ses-baseline_desc-mc_desc-wavg_pet.nii.gz
volume = 128 128 90
voxelsize = 1.716171026229858e+00 1.716171026229858e+00 1.716171026229858e+00
xras   = 1.000000000000000e+00 0.000000000000000e+00 0.000000000000000e+00
yras   = 0.000000000000000e+00 1.000000000000000e+00 0.000000000000000e+00
zras   = 0.000000000000000e+00 0.000000000000000e+00 1.000000000000000e+00
cras   = 0.000000000000000e+00 0.000000000000000e+00 0.000000000000000e+00
dst volume info
valid = 1  # volume info valid
filename = /Users/martinnorgaard/Dropbox/Mac/Documents/GitHub/petprep_extract_tacs/data/petprep_extract_tacs_wf/subject_004_wf/_pet_file_sub-004_ses-baseline/coreg_pet_to_t1w/brainmask.mgz
volume = 256 256 256
voxelsize = 1.000000000000000e+00 1.000000000000000e+00 1.000000000000000e+00
xras   = -9.999999403953552e-01 0.000000000000000e+00 0.000000000000000e+00
yras   = 0.000000000000000e+00 0.000000000000000e+00 -9.999999403953552e-01
zras   = 0.000000000000000e+00 9.999999403953552e-01 0.000000000000000e+00
cras   = 0.000000000000000e+00 0.000000000000000e+00 -1.525878906250000e-05
subject sub-004
