# transform file trash.lta
# created by martinnorgaard on Thu Dec  7 15:11:54 2023

type      = 1 # LINEAR_RAS_TO_RAS
nxforms   = 1
mean      = 33.0000 28.0000 47.0000
sigma     = 10000.0000
1 4 4
8.958671689033508e-01 -8.215694688260555e-03 1.193578448146582e-02 -2.763900756835938e-01 
3.620102768763900e-03 1.020691514015198e+00 -2.466727606952190e-02 -1.413841247558594e-01 
1.113870646804571e-02 -6.265861541032791e-02 9.478436708450317e-01 -4.259834289550781e-01 
0.000000000000000e+00 0.000000000000000e+00 0.000000000000000e+00 1.000000000000000e+00 
src volume info
valid = 1  # volume info valid
filename = imageDump.mgz
volume = 65 55 93
voxelsize = 1.000000000000000e+00 1.000000000000000e+00 1.000000000000000e+00
xras   = 9.949806332588196e-01 -1.086691115051508e-02 -9.947626292705536e-02
yras   = -9.768567048013210e-03 9.787904024124146e-01 -2.046313732862473e-01
zras   = 9.959011524915695e-02 2.045759856700897e-01 9.737713336944580e-01
cras   = -3.919815063476562e+00 -3.309932708740234e+00 -1.769864654541016e+01
dst volume info
valid = 1  # volume info valid
filename = /Users/martinnorgaard/Documents/GitHub/petprep_extract_tacs/data/derivatives/freesurfer/sub-004/tmp/BS_basedOn_T1//BS-DE-binaryMask_autoCropped.mgz
volume = 46 73 41
voxelsize = 9.999999403953552e-01 9.999999403953552e-01 9.999999403953552e-01
xras   = -1.000000000000000e+00 0.000000000000000e+00 0.000000000000000e+00
yras   = 0.000000000000000e+00 0.000000000000000e+00 -1.000000000000000e+00
zras   = 0.000000000000000e+00 1.000000000000000e+00 0.000000000000000e+00
cras   = -2.999999761581421e+00 -1.499999880790710e+00 -1.750001335144043e+01
